Generación inicial
Individuo 0: 218, 205, 145, 216, 167, 195, 	Estadísticas: 0.0	0.0	7.0	19.0	5.0	24.0	-118.33333333333331	-119.60524634007689
Individuo 1: 194, 147, 170, 218, 77, 154, 	Estadísticas: 0.0	0.0	8.0	30.0	2.0	32.0	-147.5	-147.5
Individuo 2: 175, 225, 188, 106, 252, 220, 	Estadísticas: 0.0	0.0	8.0	18.0	2.0	20.0	-200.0	-201.53049676982266
Individuo 3: 252, 79, 35, 97, 10, 160, 	Estadísticas: 0.0	0.0	7.0	20.0	6.0	26.0	-103.84615384615384	-107.35500804108513
Individuo 4: 140, 109, 42, 63, 135, 198, 	Estadísticas: 0.0	0.0	8.0	20.0	2.0	22.0	-191.8181818181818	-193.9721545705679
Individuo 5: 14, 2, 46, 201, 13, 207, 	Estadísticas: 0.0	0.0	7.0	24.0	4.0	28.0	-111.42857142857144	-111.42857142857144
Individuo 6: 135, 249, 126, 181, 116, 118, 	Estadísticas: 0.0	0.0	8.0	19.0	3.0	22.0	-182.72727272727275	-187.42837804095183
Individuo 7: 185, 139, 59, 165, 106, 226, 	Estadísticas: 0.0	0.0	8.0	19.0	3.0	22.0	-182.72727272727275	-186.80283751373963
Individuo 8: 254, 247, 180, 241, 173, 146, 	Estadísticas: 0.0	0.0	8.0	16.0	4.0	20.0	-180.0	-181.86218963966047
Individuo 9: 241, 191, 213, 134, 180, 20, 	Estadísticas: 0.0	0.0	8.0	19.0	1.0	20.0	-210.0	-213.434261745751
Individuo 10: 115, 111, 99, 218, 123, 142, 	Estadísticas: 0.0	0.0	8.0	24.0	2.0	26.0	-174.61538461538464	-174.61538461538464
Individuo 11: 61, 183, 84, 70, 122, 183, 	Estadísticas: 0.0	0.0	8.0	20.0	2.0	22.0	-191.8181818181818	-193.73139813436555
Individuo 12: 86, 27, 248, 168, 7, 10, 	Estadísticas: 0.0	0.0	6.0	24.0	10.0	34.0	-11.176470588235304	-11.176470588235304
Individuo 13: 168, 75, 20, 69, 170, 206, 	Estadísticas: 0.0	0.0	8.0	22.0	2.0	24.0	-183.33333333333331	-183.33333333333331
Individuo 14: 158, 129, 34, 125, 55, 109, 	Estadísticas: 0.0	0.0	8.0	27.0	1.0	28.0	-172.85714285714283	-173.86969766449332
Individuo 15: 84, 88, 144, 221, 94, 124, 	Estadísticas: 0.0	0.0	8.0	19.0	3.0	22.0	-182.72727272727275	-187.1348931907792
________________________________________________

Generación intermedia 0 tras seleccionar
Individuo 0: 115, 111, 99, 218, 123, 142, 	Estadísticas: 0.0	0.0	0.0	0.0	0.0	0.0	0.0	0.0
Individuo 1: 14, 2, 46, 201, 13, 207, 	Estadísticas: 0.0	0.0	0.0	0.0	0.0	0.0	0.0	0.0
Individuo 2: 84, 88, 144, 221, 94, 124, 	Estadísticas: 0.0	0.0	0.0	0.0	0.0	0.0	0.0	0.0
Individuo 3: 168, 75, 20, 69, 170, 206, 	Estadísticas: 0.0	0.0	0.0	0.0	0.0	0.0	0.0	0.0
Individuo 4: 254, 247, 180, 241, 173, 146, 	Estadísticas: 0.0	0.0	0.0	0.0	0.0	0.0	0.0	0.0
Individuo 5: 185, 139, 59, 165, 106, 226, 	Estadísticas: 0.0	0.0	0.0	0.0	0.0	0.0	0.0	0.0
Individuo 6: 254, 247, 180, 241, 173, 146, 	Estadísticas: 0.0	0.0	0.0	0.0	0.0	0.0	0.0	0.0
Individuo 7: 140, 109, 42, 63, 135, 198, 	Estadísticas: 0.0	0.0	0.0	0.0	0.0	0.0	0.0	0.0
------------------------------------------------
Generación intermedia 0 tras cruzar
Individuo 0: 115, 111, 46, 201, 13, 207, 	Estadísticas: 0.0	0.0	0.0	0.0	0.0	0.0	0.0	0.0
Individuo 1: 14, 2, 99, 218, 123, 142, 	Estadísticas: 0.0	0.0	0.0	0.0	0.0	0.0	0.0	0.0
Individuo 2: 84, 75, 20, 69, 170, 206, 	Estadísticas: 0.0	0.0	0.0	0.0	0.0	0.0	0.0	0.0
Individuo 3: 168, 88, 144, 221, 94, 124, 	Estadísticas: 0.0	0.0	0.0	0.0	0.0	0.0	0.0	0.0
Individuo 4: 254, 247, 59, 165, 106, 226, 	Estadísticas: 0.0	0.0	0.0	0.0	0.0	0.0	0.0	0.0
Individuo 5: 185, 139, 180, 241, 173, 146, 	Estadísticas: 0.0	0.0	0.0	0.0	0.0	0.0	0.0	0.0
Individuo 6: 254, 247, 180, 241, 135, 198, 	Estadísticas: 0.0	0.0	0.0	0.0	0.0	0.0	0.0	0.0
Individuo 7: 140, 109, 42, 63, 173, 146, 	Estadísticas: 0.0	0.0	0.0	0.0	0.0	0.0	0.0	0.0
------------------------------------------------
Generación intermedia 0 tras mutar
Individuo 0: 18, 111, 216, 206, 246, 220, 	Estadísticas: 0.0	0.0	0.0	0.0	0.0	0.0	0.0	0.0
Individuo 1: 126, 69, 99, 58, 123, 245, 	Estadísticas: 0.0	0.0	0.0	0.0	0.0	0.0	0.0	0.0
Individuo 2: 237, 107, 39, 193, 166, 198, 	Estadísticas: 0.0	0.0	0.0	0.0	0.0	0.0	0.0	0.0
Individuo 3: 211, 167, 151, 223, 99, 114, 	Estadísticas: 0.0	0.0	0.0	0.0	0.0	0.0	0.0	0.0
Individuo 4: 113, 247, 3, 231, 85, 221, 	Estadísticas: 0.0	0.0	0.0	0.0	0.0	0.0	0.0	0.0
Individuo 5: 181, 191, 189, 143, 82, 170, 	Estadísticas: 0.0	0.0	0.0	0.0	0.0	0.0	0.0	0.0
Individuo 6: 253, 247, 181, 222, 131, 0, 	Estadísticas: 0.0	0.0	0.0	0.0	0.0	0.0	0.0	0.0
Individuo 7: 119, 95, 153, 84, 200, 241, 	Estadísticas: 0.0	0.0	0.0	0.0	0.0	0.0	0.0	0.0
------------------------------------------------
Generación intermedia 0
Individuo 0: 18, 111, 216, 206, 246, 220, 	Estadísticas: 0.0	0.0	7.0	25.0	5.0	30.0	-96.66666666666669	-96.66666666666669
Individuo 1: 126, 69, 99, 58, 123, 245, 	Estadísticas: 0.0	0.0	8.0	29.0	1.0	30.0	-163.33333333333331	-163.33333333333331
Individuo 2: 237, 107, 39, 193, 166, 198, 	Estadísticas: 0.0	0.0	8.0	24.0	2.0	26.0	-174.61538461538464	-174.61538461538464
Individuo 3: 211, 167, 151, 223, 99, 114, 	Estadísticas: 0.0	0.0	8.0	20.0	2.0	22.0	-191.8181818181818	-191.8181818181818
Individuo 4: 113, 247, 3, 231, 85, 221, 	Estadísticas: 0.0	0.0	8.0	18.0	2.0	20.0	-200.0	-202.39827982758223
Individuo 5: 181, 191, 189, 143, 82, 170, 	Estadísticas: 0.0	0.0	8.0	25.0	1.0	26.0	-182.30769230769232	-182.30769230769232
Individuo 6: 253, 247, 181, 222, 131, 0, 	Estadísticas: 0.0	0.0	8.0	27.0	2.0	29.0	-161.20689655172413	-162.59200601983505
Individuo 7: 119, 95, 153, 84, 200, 241, 	Estadísticas: 0.0	0.0	8.0	25.0	1.0	26.0	-182.30769230769232	-182.30769230769232
------------------------------------------------
Generación 1
Individuo 0: 18, 111, 216, 206, 246, 220, 	Estadísticas: 0.0	0.0	7.0	25.0	5.0	30.0	-96.66666666666669	-96.66666666666669
Individuo 1: 126, 69, 99, 58, 123, 245, 	Estadísticas: 0.0	0.0	8.0	29.0	1.0	30.0	-163.33333333333331	-163.33333333333331
Individuo 2: 237, 107, 39, 193, 166, 198, 	Estadísticas: 0.0	0.0	8.0	24.0	2.0	26.0	-174.61538461538464	-174.61538461538464
Individuo 3: 211, 167, 151, 223, 99, 114, 	Estadísticas: 0.0	0.0	8.0	20.0	2.0	22.0	-191.8181818181818	-191.8181818181818
Individuo 4: 113, 247, 3, 231, 85, 221, 	Estadísticas: 0.0	0.0	8.0	18.0	2.0	20.0	-200.0	-202.39827982758223
Individuo 5: 181, 191, 189, 143, 82, 170, 	Estadísticas: 0.0	0.0	8.0	25.0	1.0	26.0	-182.30769230769232	-182.30769230769232
Individuo 6: 253, 247, 181, 222, 131, 0, 	Estadísticas: 0.0	0.0	8.0	27.0	2.0	29.0	-161.20689655172413	-162.59200601983505
Individuo 7: 119, 95, 153, 84, 200, 241, 	Estadísticas: 0.0	0.0	8.0	25.0	1.0	26.0	-182.30769230769232	-182.30769230769232
Individuo 8: 254, 247, 180, 241, 173, 146, 	Estadísticas: 0.0	0.0	8.0	16.0	4.0	20.0	-180.0	-181.86218963966047
Individuo 9: 115, 111, 99, 218, 123, 142, 	Estadísticas: 0.0	0.0	8.0	24.0	2.0	26.0	-174.61538461538464	-174.61538461538464
Individuo 10: 158, 129, 34, 125, 55, 109, 	Estadísticas: 0.0	0.0	8.0	27.0	1.0	28.0	-172.85714285714283	-173.86969766449332
Individuo 11: 194, 147, 170, 218, 77, 154, 	Estadísticas: 0.0	0.0	8.0	30.0	2.0	32.0	-147.5	-147.5
Individuo 12: 218, 205, 145, 216, 167, 195, 	Estadísticas: 0.0	0.0	7.0	19.0	5.0	24.0	-118.33333333333331	-119.60524634007689
Individuo 13: 14, 2, 46, 201, 13, 207, 	Estadísticas: 0.0	0.0	7.0	24.0	4.0	28.0	-111.42857142857144	-111.42857142857144
Individuo 14: 252, 79, 35, 97, 10, 160, 	Estadísticas: 0.0	0.0	7.0	20.0	6.0	26.0	-103.84615384615384	-107.35500804108513
Individuo 15: 86, 27, 248, 168, 7, 10, 	Estadísticas: 0.0	0.0	6.0	24.0	10.0	34.0	-11.176470588235304	-11.176470588235304

Mejor individuo: 15
86, 27, 248, 168, 7, 10, 
Estadísticas: 0.0	0.0	6.0	24.0	10.0	34.0	-11.176470588235304	
Evaluación: -11.176470588235304
________________________________________________

Generación intermedia 1 tras seleccionar
Individuo 0: 252, 79, 35, 97, 10, 160, 	Estadísticas: 0.0	0.0	7.0	25.0	5.0	30.0	-96.66666666666669	-96.66666666666669
Individuo 1: 253, 247, 181, 222, 131, 0, 	Estadísticas: 0.0	0.0	8.0	29.0	1.0	30.0	-163.33333333333331	-163.33333333333331
Individuo 2: 14, 2, 46, 201, 13, 207, 	Estadísticas: 0.0	0.0	8.0	24.0	2.0	26.0	-174.61538461538464	-174.61538461538464
Individuo 3: 194, 147, 170, 218, 77, 154, 	Estadísticas: 0.0	0.0	8.0	20.0	2.0	22.0	-191.8181818181818	-191.8181818181818
Individuo 4: 254, 247, 180, 241, 173, 146, 	Estadísticas: 0.0	0.0	8.0	18.0	2.0	20.0	-200.0	-202.39827982758223
Individuo 5: 14, 2, 46, 201, 13, 207, 	Estadísticas: 0.0	0.0	8.0	25.0	1.0	26.0	-182.30769230769232	-182.30769230769232
Individuo 6: 218, 205, 145, 216, 167, 195, 	Estadísticas: 0.0	0.0	8.0	27.0	2.0	29.0	-161.20689655172413	-162.59200601983505
Individuo 7: 237, 107, 39, 193, 166, 198, 	Estadísticas: 0.0	0.0	8.0	25.0	1.0	26.0	-182.30769230769232	-182.30769230769232
------------------------------------------------
Generación intermedia 1 tras cruzar
Individuo 0: 252, 79, 35, 222, 131, 0, 	Estadísticas: 0.0	0.0	7.0	25.0	5.0	30.0	-96.66666666666669	-96.66666666666669
Individuo 1: 253, 247, 181, 97, 10, 160, 	Estadísticas: 0.0	0.0	8.0	29.0	1.0	30.0	-163.33333333333331	-163.33333333333331
Individuo 2: 14, 2, 46, 218, 77, 154, 	Estadísticas: 0.0	0.0	8.0	24.0	2.0	26.0	-174.61538461538464	-174.61538461538464
Individuo 3: 194, 147, 170, 201, 13, 207, 	Estadísticas: 0.0	0.0	8.0	20.0	2.0	22.0	-191.8181818181818	-191.8181818181818
Individuo 4: 254, 2, 46, 201, 13, 207, 	Estadísticas: 0.0	0.0	8.0	18.0	2.0	20.0	-200.0	-202.39827982758223
Individuo 5: 14, 247, 180, 241, 173, 146, 	Estadísticas: 0.0	0.0	8.0	25.0	1.0	26.0	-182.30769230769232	-182.30769230769232
Individuo 6: 218, 205, 39, 193, 166, 198, 	Estadísticas: 0.0	0.0	8.0	27.0	2.0	29.0	-161.20689655172413	-162.59200601983505
Individuo 7: 237, 107, 145, 216, 167, 195, 	Estadísticas: 0.0	0.0	8.0	25.0	1.0	26.0	-182.30769230769232	-182.30769230769232
------------------------------------------------
Generación intermedia 1 tras mutar
Individuo 0: 242, 80, 203, 32, 66, 72, 	Estadísticas: 0.0	0.0	7.0	25.0	5.0	30.0	-96.66666666666669	-96.66666666666669
Individuo 1: 129, 22, 77, 107, 133, 46, 	Estadísticas: 0.0	0.0	8.0	29.0	1.0	30.0	-163.33333333333331	-163.33333333333331
Individuo 2: 32, 151, 102, 212, 165, 152, 	Estadísticas: 0.0	0.0	8.0	24.0	2.0	26.0	-174.61538461538464	-174.61538461538464
Individuo 3: 55, 43, 202, 121, 14, 207, 	Estadísticas: 0.0	0.0	8.0	20.0	2.0	22.0	-191.8181818181818	-191.8181818181818
Individuo 4: 241, 55, 82, 198, 156, 152, 	Estadísticas: 0.0	0.0	8.0	18.0	2.0	20.0	-200.0	-202.39827982758223
Individuo 5: 2, 12, 71, 239, 175, 253, 	Estadísticas: 0.0	0.0	8.0	25.0	1.0	26.0	-182.30769230769232	-182.30769230769232
Individuo 6: 164, 206, 36, 254, 69, 212, 	Estadísticas: 0.0	0.0	8.0	27.0	2.0	29.0	-161.20689655172413	-162.59200601983505
Individuo 7: 145, 104, 209, 215, 57, 85, 	Estadísticas: 0.0	0.0	8.0	25.0	1.0	26.0	-182.30769230769232	-182.30769230769232
------------------------------------------------
Generación intermedia 1
Individuo 0: 242, 80, 203, 32, 66, 72, 	Estadísticas: 0.0	0.0	8.0	28.0	2.0	30.0	-156.66666666666669	-156.66666666666669
Individuo 1: 129, 22, 77, 107, 133, 46, 	Estadísticas: 0.0	0.0	8.0	20.0	2.0	22.0	-191.8181818181818	-191.8181818181818
Individuo 2: 32, 151, 102, 212, 165, 152, 	Estadísticas: 0.0	0.0	8.0	17.0	3.0	20.0	-190.0	-190.0
Individuo 3: 55, 43, 202, 121, 14, 207, 	Estadísticas: 0.0	0.0	8.0	31.0	1.0	32.0	-153.75	-153.75
Individuo 4: 241, 55, 82, 198, 156, 152, 	Estadísticas: 0.0	0.0	8.0	24.0	2.0	26.0	-174.61538461538464	-174.61538461538464
Individuo 5: 2, 12, 71, 239, 175, 253, 	Estadísticas: 0.0	0.0	8.0	26.0	2.0	28.0	-165.71428571428572	-165.71428571428572
Individuo 6: 164, 206, 36, 254, 69, 212, 	Estadísticas: 0.0	0.0	8.0	25.0	1.0	26.0	-182.30769230769232	-182.30769230769232
Individuo 7: 145, 104, 209, 215, 57, 85, 	Estadísticas: 0.0	0.0	8.0	16.0	2.0	18.0	-207.77777777777777	-207.77777777777777
------------------------------------------------
Generación 2
Individuo 0: 242, 80, 203, 32, 66, 72, 	Estadísticas: 0.0	0.0	8.0	28.0	2.0	30.0	-156.66666666666669	-156.66666666666669
Individuo 1: 129, 22, 77, 107, 133, 46, 	Estadísticas: 0.0	0.0	8.0	20.0	2.0	22.0	-191.8181818181818	-191.8181818181818
Individuo 2: 32, 151, 102, 212, 165, 152, 	Estadísticas: 0.0	0.0	8.0	17.0	3.0	20.0	-190.0	-190.0
Individuo 3: 55, 43, 202, 121, 14, 207, 	Estadísticas: 0.0	0.0	8.0	31.0	1.0	32.0	-153.75	-153.75
Individuo 4: 241, 55, 82, 198, 156, 152, 	Estadísticas: 0.0	0.0	8.0	24.0	2.0	26.0	-174.61538461538464	-174.61538461538464
Individuo 5: 2, 12, 71, 239, 175, 253, 	Estadísticas: 0.0	0.0	8.0	26.0	2.0	28.0	-165.71428571428572	-165.71428571428572
Individuo 6: 164, 206, 36, 254, 69, 212, 	Estadísticas: 0.0	0.0	8.0	25.0	1.0	26.0	-182.30769230769232	-182.30769230769232
Individuo 7: 145, 104, 209, 215, 57, 85, 	Estadísticas: 0.0	0.0	8.0	16.0	2.0	18.0	-207.77777777777777	-207.77777777777777
Individuo 8: 115, 111, 99, 218, 123, 142, 	Estadísticas: 0.0	0.0	8.0	24.0	2.0	26.0	-174.61538461538464	-174.61538461538464
Individuo 9: 158, 129, 34, 125, 55, 109, 	Estadísticas: 0.0	0.0	8.0	27.0	1.0	28.0	-172.85714285714283	-173.86969766449332
Individuo 10: 194, 147, 170, 218, 77, 154, 	Estadísticas: 0.0	0.0	8.0	30.0	2.0	32.0	-147.5	-147.5
Individuo 11: 218, 205, 145, 216, 167, 195, 	Estadísticas: 0.0	0.0	7.0	19.0	5.0	24.0	-118.33333333333331	-119.60524634007689
Individuo 12: 14, 2, 46, 201, 13, 207, 	Estadísticas: 0.0	0.0	7.0	24.0	4.0	28.0	-111.42857142857144	-111.42857142857144
Individuo 13: 252, 79, 35, 97, 10, 160, 	Estadísticas: 0.0	0.0	7.0	20.0	6.0	26.0	-103.84615384615384	-107.35500804108513
Individuo 14: 18, 111, 216, 206, 246, 220, 	Estadísticas: 0.0	0.0	7.0	25.0	5.0	30.0	-96.66666666666669	-96.66666666666669
Individuo 15: 86, 27, 248, 168, 7, 10, 	Estadísticas: 0.0	0.0	6.0	24.0	10.0	34.0	-11.176470588235304	-11.176470588235304

Mejor individuo: 15
86, 27, 248, 168, 7, 10, 
Estadísticas: 0.0	0.0	6.0	24.0	10.0	34.0	-11.176470588235304	
Evaluación: -11.176470588235304
________________________________________________

Generación intermedia 2 tras seleccionar
Individuo 0: 115, 111, 99, 218, 123, 142, 	Estadísticas: 0.0	0.0	8.0	28.0	2.0	30.0	-156.66666666666669	-156.66666666666669
Individuo 1: 218, 205, 145, 216, 167, 195, 	Estadísticas: 0.0	0.0	8.0	20.0	2.0	22.0	-191.8181818181818	-191.8181818181818
Individuo 2: 14, 2, 46, 201, 13, 207, 	Estadísticas: 0.0	0.0	8.0	17.0	3.0	20.0	-190.0	-190.0
Individuo 3: 145, 104, 209, 215, 57, 85, 	Estadísticas: 0.0	0.0	8.0	31.0	1.0	32.0	-153.75	-153.75
Individuo 4: 145, 104, 209, 215, 57, 85, 	Estadísticas: 0.0	0.0	8.0	24.0	2.0	26.0	-174.61538461538464	-174.61538461538464
Individuo 5: 164, 206, 36, 254, 69, 212, 	Estadísticas: 0.0	0.0	8.0	26.0	2.0	28.0	-165.71428571428572	-165.71428571428572
Individuo 6: 158, 129, 34, 125, 55, 109, 	Estadísticas: 0.0	0.0	8.0	25.0	1.0	26.0	-182.30769230769232	-182.30769230769232
Individuo 7: 194, 147, 170, 218, 77, 154, 	Estadísticas: 0.0	0.0	8.0	16.0	2.0	18.0	-207.77777777777777	-207.77777777777777
------------------------------------------------
Generación intermedia 2 tras cruzar
Individuo 0: 115, 111, 99, 218, 167, 195, 	Estadísticas: 0.0	0.0	8.0	28.0	2.0	30.0	-156.66666666666669	-156.66666666666669
Individuo 1: 218, 205, 145, 216, 123, 142, 	Estadísticas: 0.0	0.0	8.0	20.0	2.0	22.0	-191.8181818181818	-191.8181818181818
Individuo 2: 14, 2, 209, 215, 57, 85, 	Estadísticas: 0.0	0.0	8.0	17.0	3.0	20.0	-190.0	-190.0
Individuo 3: 145, 104, 46, 201, 13, 207, 	Estadísticas: 0.0	0.0	8.0	31.0	1.0	32.0	-153.75	-153.75
Individuo 4: 145, 104, 209, 215, 57, 212, 	Estadísticas: 0.0	0.0	8.0	24.0	2.0	26.0	-174.61538461538464	-174.61538461538464
Individuo 5: 164, 206, 36, 254, 69, 85, 	Estadísticas: 0.0	0.0	8.0	26.0	2.0	28.0	-165.71428571428572	-165.71428571428572
Individuo 6: 158, 129, 170, 218, 77, 154, 	Estadísticas: 0.0	0.0	8.0	25.0	1.0	26.0	-182.30769230769232	-182.30769230769232
Individuo 7: 194, 147, 34, 125, 55, 109, 	Estadísticas: 0.0	0.0	8.0	16.0	2.0	18.0	-207.77777777777777	-207.77777777777777
------------------------------------------------
Generación intermedia 2 tras mutar
Individuo 0: 158, 115, 227, 217, 224, 194, 	Estadísticas: 0.0	0.0	8.0	28.0	2.0	30.0	-156.66666666666669	-156.66666666666669
Individuo 1: 29, 238, 97, 156, 84, 143, 	Estadísticas: 0.0	0.0	8.0	20.0	2.0	22.0	-191.8181818181818	-191.8181818181818
Individuo 2: 3, 35, 241, 20, 58, 145, 	Estadísticas: 0.0	0.0	8.0	17.0	3.0	20.0	-190.0	-190.0
Individuo 3: 1, 108, 86, 177, 14, 83, 	Estadísticas: 0.0	0.0	8.0	31.0	1.0	32.0	-153.75	-153.75
Individuo 4: 109, 153, 208, 215, 5, 212, 	Estadísticas: 0.0	0.0	8.0	24.0	2.0	26.0	-174.61538461538464	-174.61538461538464
Individuo 5: 160, 50, 38, 242, 90, 89, 	Estadísticas: 0.0	0.0	8.0	26.0	2.0	28.0	-165.71428571428572	-165.71428571428572
Individuo 6: 47, 134, 170, 218, 10, 165, 	Estadísticas: 0.0	0.0	8.0	25.0	1.0	26.0	-182.30769230769232	-182.30769230769232
Individuo 7: 255, 232, 106, 129, 223, 113, 	Estadísticas: 0.0	0.0	8.0	16.0	2.0	18.0	-207.77777777777777	-207.77777777777777
------------------------------------------------
Generación intermedia 2
Individuo 0: 158, 115, 227, 217, 224, 194, 	Estadísticas: 0.0	0.0	8.0	18.0	2.0	20.0	-200.0	-201.01889119661672
Individuo 1: 29, 238, 97, 156, 84, 143, 	Estadísticas: 0.0	0.0	8.0	16.0	2.0	18.0	-207.77777777777777	-209.14856058275748
Individuo 2: 3, 35, 241, 20, 58, 145, 	Estadísticas: 0.0	0.0	7.0	20.0	4.0	24.0	-126.66666666666669	-126.66666666666669
Individuo 3: 1, 108, 86, 177, 14, 83, 	Estadísticas: 0.0	0.0	8.0	19.0	3.0	22.0	-182.72727272727275	-182.72727272727275
Individuo 4: 109, 153, 208, 215, 5, 212, 	Estadísticas: 0.0	0.0	8.0	24.0	2.0	26.0	-174.61538461538464	-174.61538461538464
Individuo 5: 160, 50, 38, 242, 90, 89, 	Estadísticas: 0.0	0.0	8.0	24.0	2.0	26.0	-174.61538461538464	-174.61538461538464
Individuo 6: 47, 134, 170, 218, 10, 165, 	Estadísticas: 0.0	0.0	8.0	21.0	3.0	24.0	-175.0	-175.0
Individuo 7: 255, 232, 106, 129, 223, 113, 	Estadísticas: 0.0	0.0	8.0	24.0	2.0	26.0	-174.61538461538464	-174.61538461538464
------------------------------------------------
Generación 3
Individuo 0: 158, 115, 227, 217, 224, 194, 	Estadísticas: 0.0	0.0	8.0	18.0	2.0	20.0	-200.0	-201.01889119661672
Individuo 1: 29, 238, 97, 156, 84, 143, 	Estadísticas: 0.0	0.0	8.0	16.0	2.0	18.0	-207.77777777777777	-209.14856058275748
Individuo 2: 3, 35, 241, 20, 58, 145, 	Estadísticas: 0.0	0.0	7.0	20.0	4.0	24.0	-126.66666666666669	-126.66666666666669
Individuo 3: 1, 108, 86, 177, 14, 83, 	Estadísticas: 0.0	0.0	8.0	19.0	3.0	22.0	-182.72727272727275	-182.72727272727275
Individuo 4: 109, 153, 208, 215, 5, 212, 	Estadísticas: 0.0	0.0	8.0	24.0	2.0	26.0	-174.61538461538464	-174.61538461538464
Individuo 5: 160, 50, 38, 242, 90, 89, 	Estadísticas: 0.0	0.0	8.0	24.0	2.0	26.0	-174.61538461538464	-174.61538461538464
Individuo 6: 47, 134, 170, 218, 10, 165, 	Estadísticas: 0.0	0.0	8.0	21.0	3.0	24.0	-175.0	-175.0
Individuo 7: 255, 232, 106, 129, 223, 113, 	Estadísticas: 0.0	0.0	8.0	24.0	2.0	26.0	-174.61538461538464	-174.61538461538464
Individuo 8: 242, 80, 203, 32, 66, 72, 	Estadísticas: 0.0	0.0	8.0	28.0	2.0	30.0	-156.66666666666669	-156.66666666666669
Individuo 9: 55, 43, 202, 121, 14, 207, 	Estadísticas: 0.0	0.0	8.0	31.0	1.0	32.0	-153.75	-153.75
Individuo 10: 194, 147, 170, 218, 77, 154, 	Estadísticas: 0.0	0.0	8.0	30.0	2.0	32.0	-147.5	-147.5
Individuo 11: 218, 205, 145, 216, 167, 195, 	Estadísticas: 0.0	0.0	7.0	19.0	5.0	24.0	-118.33333333333331	-119.60524634007689
Individuo 12: 14, 2, 46, 201, 13, 207, 	Estadísticas: 0.0	0.0	7.0	24.0	4.0	28.0	-111.42857142857144	-111.42857142857144
Individuo 13: 252, 79, 35, 97, 10, 160, 	Estadísticas: 0.0	0.0	7.0	20.0	6.0	26.0	-103.84615384615384	-107.35500804108513
Individuo 14: 18, 111, 216, 206, 246, 220, 	Estadísticas: 0.0	0.0	7.0	25.0	5.0	30.0	-96.66666666666669	-96.66666666666669
Individuo 15: 86, 27, 248, 168, 7, 10, 	Estadísticas: 0.0	0.0	6.0	24.0	10.0	34.0	-11.176470588235304	-11.176470588235304

Mejor individuo: 15
86, 27, 248, 168, 7, 10, 
Estadísticas: 0.0	0.0	6.0	24.0	10.0	34.0	-11.176470588235304	
Evaluación: -11.176470588235304
________________________________________________

Generación intermedia 3 tras seleccionar
Individuo 0: 255, 232, 106, 129, 223, 113, 	Estadísticas: 0.0	0.0	8.0	18.0	2.0	20.0	-200.0	-201.01889119661672
Individuo 1: 18, 111, 216, 206, 246, 220, 	Estadísticas: 0.0	0.0	8.0	16.0	2.0	18.0	-207.77777777777777	-209.14856058275748
Individuo 2: 252, 79, 35, 97, 10, 160, 	Estadísticas: 0.0	0.0	7.0	20.0	4.0	24.0	-126.66666666666669	-126.66666666666669
Individuo 3: 255, 232, 106, 129, 223, 113, 	Estadísticas: 0.0	0.0	8.0	19.0	3.0	22.0	-182.72727272727275	-182.72727272727275
Individuo 4: 242, 80, 203, 32, 66, 72, 	Estadísticas: 0.0	0.0	8.0	24.0	2.0	26.0	-174.61538461538464	-174.61538461538464
Individuo 5: 252, 79, 35, 97, 10, 160, 	Estadísticas: 0.0	0.0	8.0	24.0	2.0	26.0	-174.61538461538464	-174.61538461538464
Individuo 6: 194, 147, 170, 218, 77, 154, 	Estadísticas: 0.0	0.0	8.0	21.0	3.0	24.0	-175.0	-175.0
Individuo 7: 86, 27, 248, 168, 7, 10, 	Estadísticas: 0.0	0.0	8.0	24.0	2.0	26.0	-174.61538461538464	-174.61538461538464
------------------------------------------------
Generación intermedia 3 tras cruzar
Individuo 0: 255, 232, 106, 129, 246, 220, 	Estadísticas: 0.0	0.0	8.0	18.0	2.0	20.0	-200.0	-201.01889119661672
Individuo 1: 18, 111, 216, 206, 223, 113, 	Estadísticas: 0.0	0.0	8.0	16.0	2.0	18.0	-207.77777777777777	-209.14856058275748
Individuo 2: 252, 232, 106, 129, 223, 113, 	Estadísticas: 0.0	0.0	7.0	20.0	4.0	24.0	-126.66666666666669	-126.66666666666669
Individuo 3: 255, 79, 35, 97, 10, 160, 	Estadísticas: 0.0	0.0	8.0	19.0	3.0	22.0	-182.72727272727275	-182.72727272727275
Individuo 4: 242, 80, 203, 32, 10, 160, 	Estadísticas: 0.0	0.0	8.0	24.0	2.0	26.0	-174.61538461538464	-174.61538461538464
Individuo 5: 252, 79, 35, 97, 66, 72, 	Estadísticas: 0.0	0.0	8.0	24.0	2.0	26.0	-174.61538461538464	-174.61538461538464
Individuo 6: 194, 147, 170, 218, 77, 10, 	Estadísticas: 0.0	0.0	8.0	21.0	3.0	24.0	-175.0	-175.0
Individuo 7: 86, 27, 248, 168, 7, 154, 	Estadísticas: 0.0	0.0	8.0	24.0	2.0	26.0	-174.61538461538464	-174.61538461538464
------------------------------------------------
Generación intermedia 3 tras mutar
Individuo 0: 7, 244, 229, 91, 14, 227, 	Estadísticas: 0.0	0.0	8.0	18.0	2.0	20.0	-200.0	-201.01889119661672
Individuo 1: 19, 105, 183, 55, 208, 113, 	Estadísticas: 0.0	0.0	8.0	16.0	2.0	18.0	-207.77777777777777	-209.14856058275748
Individuo 2: 147, 246, 85, 225, 57, 113, 	Estadísticas: 0.0	0.0	7.0	20.0	4.0	24.0	-126.66666666666669	-126.66666666666669
Individuo 3: 159, 112, 42, 1, 232, 168, 	Estadísticas: 0.0	0.0	8.0	19.0	3.0	22.0	-182.72727272727275	-182.72727272727275
Individuo 4: 2, 87, 196, 164, 203, 159, 	Estadísticas: 0.0	0.0	8.0	24.0	2.0	26.0	-174.61538461538464	-174.61538461538464
Individuo 5: 115, 110, 91, 238, 24, 79, 	Estadísticas: 0.0	0.0	8.0	24.0	2.0	26.0	-174.61538461538464	-174.61538461538464
Individuo 6: 222, 236, 89, 186, 161, 27, 	Estadísticas: 0.0	0.0	8.0	21.0	3.0	24.0	-175.0	-175.0
Individuo 7: 213, 156, 0, 203, 253, 100, 	Estadísticas: 0.0	0.0	8.0	24.0	2.0	26.0	-174.61538461538464	-174.61538461538464
------------------------------------------------
Generación intermedia 3
Individuo 0: 7, 244, 229, 91, 14, 227, 	Estadísticas: 0.0	0.0	8.0	13.0	2.0	15.0	-218.33333333333331	-219.52419018269828
Individuo 1: 19, 105, 183, 55, 208, 113, 	Estadísticas: 0.0	0.0	8.0	20.0	2.0	22.0	-191.8181818181818	-191.8181818181818
Individuo 2: 147, 246, 85, 225, 57, 113, 	Estadísticas: 0.0	0.0	8.0	15.0	3.0	18.0	-196.66666666666669	-198.17713925222952
Individuo 3: 159, 112, 42, 1, 232, 168, 	Estadísticas: 0.0	0.0	8.0	18.0	2.0	20.0	-200.0	-201.05336103595482
Individuo 4: 2, 87, 196, 164, 203, 159, 	Estadísticas: 0.0	0.0	7.0	12.0	4.0	16.0	-150.0	-150.0
Individuo 5: 115, 110, 91, 238, 24, 79, 	Estadísticas: 0.0	0.0	8.0	22.0	2.0	24.0	-183.33333333333331	-183.33333333333331
Individuo 6: 222, 236, 89, 186, 161, 27, 	Estadísticas: 0.0	0.0	8.0	25.0	3.0	28.0	-158.57142857142856	-160.48729900787396
Individuo 7: 213, 156, 0, 203, 253, 100, 	Estadísticas: 0.0	0.0	8.0	18.0	2.0	20.0	-200.0	-201.02313746973442
------------------------------------------------
Generación 4
Individuo 0: 7, 244, 229, 91, 14, 227, 	Estadísticas: 0.0	0.0	8.0	13.0	2.0	15.0	-218.33333333333331	-219.52419018269828
Individuo 1: 19, 105, 183, 55, 208, 113, 	Estadísticas: 0.0	0.0	8.0	20.0	2.0	22.0	-191.8181818181818	-191.8181818181818
Individuo 2: 147, 246, 85, 225, 57, 113, 	Estadísticas: 0.0	0.0	8.0	15.0	3.0	18.0	-196.66666666666669	-198.17713925222952
Individuo 3: 159, 112, 42, 1, 232, 168, 	Estadísticas: 0.0	0.0	8.0	18.0	2.0	20.0	-200.0	-201.05336103595482
Individuo 4: 2, 87, 196, 164, 203, 159, 	Estadísticas: 0.0	0.0	7.0	12.0	4.0	16.0	-150.0	-150.0
Individuo 5: 115, 110, 91, 238, 24, 79, 	Estadísticas: 0.0	0.0	8.0	22.0	2.0	24.0	-183.33333333333331	-183.33333333333331
Individuo 6: 222, 236, 89, 186, 161, 27, 	Estadísticas: 0.0	0.0	8.0	25.0	3.0	28.0	-158.57142857142856	-160.48729900787396
Individuo 7: 213, 156, 0, 203, 253, 100, 	Estadísticas: 0.0	0.0	8.0	18.0	2.0	20.0	-200.0	-201.02313746973442
Individuo 8: 55, 43, 202, 121, 14, 207, 	Estadísticas: 0.0	0.0	8.0	31.0	1.0	32.0	-153.75	-153.75
Individuo 9: 194, 147, 170, 218, 77, 154, 	Estadísticas: 0.0	0.0	8.0	30.0	2.0	32.0	-147.5	-147.5
Individuo 10: 3, 35, 241, 20, 58, 145, 	Estadísticas: 0.0	0.0	7.0	20.0	4.0	24.0	-126.66666666666669	-126.66666666666669
Individuo 11: 218, 205, 145, 216, 167, 195, 	Estadísticas: 0.0	0.0	7.0	19.0	5.0	24.0	-118.33333333333331	-119.60524634007689
Individuo 12: 14, 2, 46, 201, 13, 207, 	Estadísticas: 0.0	0.0	7.0	24.0	4.0	28.0	-111.42857142857144	-111.42857142857144
Individuo 13: 252, 79, 35, 97, 10, 160, 	Estadísticas: 0.0	0.0	7.0	20.0	6.0	26.0	-103.84615384615384	-107.35500804108513
Individuo 14: 18, 111, 216, 206, 246, 220, 	Estadísticas: 0.0	0.0	7.0	25.0	5.0	30.0	-96.66666666666669	-96.66666666666669
Individuo 15: 86, 27, 248, 168, 7, 10, 	Estadísticas: 0.0	0.0	6.0	24.0	10.0	34.0	-11.176470588235304	-11.176470588235304

Mejor individuo: 15
86, 27, 248, 168, 7, 10, 
Estadísticas: 0.0	0.0	6.0	24.0	10.0	34.0	-11.176470588235304	
Evaluación: -11.176470588235304
________________________________________________

Generación intermedia 4 tras seleccionar
Individuo 0: 252, 79, 35, 97, 10, 160, 	Estadísticas: 0.0	0.0	8.0	13.0	2.0	15.0	-218.33333333333331	-219.52419018269828
Individuo 1: 86, 27, 248, 168, 7, 10, 	Estadísticas: 0.0	0.0	8.0	20.0	2.0	22.0	-191.8181818181818	-191.8181818181818
Individuo 2: 14, 2, 46, 201, 13, 207, 	Estadísticas: 0.0	0.0	8.0	15.0	3.0	18.0	-196.66666666666669	-198.17713925222952
Individuo 3: 18, 111, 216, 206, 246, 220, 	Estadísticas: 0.0	0.0	8.0	18.0	2.0	20.0	-200.0	-201.05336103595482
Individuo 4: 55, 43, 202, 121, 14, 207, 	Estadísticas: 0.0	0.0	7.0	12.0	4.0	16.0	-150.0	-150.0
Individuo 5: 55, 43, 202, 121, 14, 207, 	Estadísticas: 0.0	0.0	8.0	22.0	2.0	24.0	-183.33333333333331	-183.33333333333331
Individuo 6: 14, 2, 46, 201, 13, 207, 	Estadísticas: 0.0	0.0	8.0	25.0	3.0	28.0	-158.57142857142856	-160.48729900787396
Individuo 7: 86, 27, 248, 168, 7, 10, 	Estadísticas: 0.0	0.0	8.0	18.0	2.0	20.0	-200.0	-201.02313746973442
------------------------------------------------
Generación intermedia 4 tras cruzar
Individuo 0: 252, 79, 35, 97, 7, 10, 	Estadísticas: 0.0	0.0	8.0	13.0	2.0	15.0	-218.33333333333331	-219.52419018269828
Individuo 1: 86, 27, 248, 168, 10, 160, 	Estadísticas: 0.0	0.0	8.0	20.0	2.0	22.0	-191.8181818181818	-191.8181818181818
Individuo 2: 14, 2, 46, 201, 246, 220, 	Estadísticas: 0.0	0.0	8.0	15.0	3.0	18.0	-196.66666666666669	-198.17713925222952
Individuo 3: 18, 111, 216, 206, 13, 207, 	Estadísticas: 0.0	0.0	8.0	18.0	2.0	20.0	-200.0	-201.05336103595482
Individuo 4: 55, 43, 202, 121, 14, 207, 	Estadísticas: 0.0	0.0	7.0	12.0	4.0	16.0	-150.0	-150.0
Individuo 5: 55, 43, 202, 121, 14, 207, 	Estadísticas: 0.0	0.0	8.0	22.0	2.0	24.0	-183.33333333333331	-183.33333333333331
Individuo 6: 14, 27, 248, 168, 7, 10, 	Estadísticas: 0.0	0.0	8.0	25.0	3.0	28.0	-158.57142857142856	-160.48729900787396
Individuo 7: 86, 2, 46, 201, 13, 207, 	Estadísticas: 0.0	0.0	8.0	18.0	2.0	20.0	-200.0	-201.02313746973442
------------------------------------------------
Generación intermedia 4 tras mutar
Individuo 0: 128, 204, 32, 30, 63, 58, 	Estadísticas: 0.0	0.0	8.0	13.0	2.0	15.0	-218.33333333333331	-219.52419018269828
Individuo 1: 86, 3, 247, 168, 242, 224, 	Estadísticas: 0.0	0.0	8.0	20.0	2.0	22.0	-191.8181818181818	-191.8181818181818
Individuo 2: 113, 241, 95, 242, 234, 219, 	Estadísticas: 0.0	0.0	8.0	15.0	3.0	18.0	-196.66666666666669	-198.17713925222952
Individuo 3: 29, 49, 216, 181, 50, 209, 	Estadísticas: 0.0	0.0	8.0	18.0	2.0	20.0	-200.0	-201.05336103595482
Individuo 4: 64, 43, 39, 104, 14, 207, 	Estadísticas: 0.0	0.0	7.0	12.0	4.0	16.0	-150.0	-150.0
Individuo 5: 201, 235, 138, 249, 113, 204, 	Estadísticas: 0.0	0.0	8.0	22.0	2.0	24.0	-183.33333333333331	-183.33333333333331
Individuo 6: 21, 104, 7, 85, 249, 131, 	Estadísticas: 0.0	0.0	8.0	25.0	3.0	28.0	-158.57142857142856	-160.48729900787396
Individuo 7: 137, 225, 63, 246, 226, 203, 	Estadísticas: 0.0	0.0	8.0	18.0	2.0	20.0	-200.0	-201.02313746973442
------------------------------------------------
Generación intermedia 4
Individuo 0: 128, 204, 32, 30, 63, 58, 	Estadísticas: 0.0	0.0	8.0	22.0	4.0	26.0	-159.23076923076923	-159.23076923076923
Individuo 1: 86, 3, 247, 168, 242, 224, 	Estadísticas: 0.0	0.0	8.0	20.0	2.0	22.0	-191.8181818181818	-191.8181818181818
Individuo 2: 113, 241, 95, 242, 234, 219, 	Estadísticas: 0.0	0.0	8.0	23.0	1.0	24.0	-191.66666666666669	-192.8884597683402
Individuo 3: 29, 49, 216, 181, 50, 209, 	Estadísticas: 0.0	0.0	8.0	20.0	2.0	22.0	-191.8181818181818	-191.8181818181818
Individuo 4: 64, 43, 39, 104, 14, 207, 	Estadísticas: 0.0	0.0	8.0	18.0	2.0	20.0	-200.0	-200.0
Individuo 5: 201, 235, 138, 249, 113, 204, 	Estadísticas: 0.0	0.0	7.0	22.0	6.0	28.0	-97.14285714285714	-98.5126901228227
Individuo 6: 21, 104, 7, 85, 249, 131, 	Estadísticas: 0.0	0.0	8.0	21.0	3.0	24.0	-175.0	-175.0
Individuo 7: 137, 225, 63, 246, 226, 203, 	Estadísticas: 0.0	0.0	8.0	18.0	2.0	20.0	-200.0	-202.40994462998958
------------------------------------------------
Generación 5
Individuo 0: 128, 204, 32, 30, 63, 58, 	Estadísticas: 0.0	0.0	8.0	22.0	4.0	26.0	-159.23076923076923	-159.23076923076923
Individuo 1: 86, 3, 247, 168, 242, 224, 	Estadísticas: 0.0	0.0	8.0	20.0	2.0	22.0	-191.8181818181818	-191.8181818181818
Individuo 2: 113, 241, 95, 242, 234, 219, 	Estadísticas: 0.0	0.0	8.0	23.0	1.0	24.0	-191.66666666666669	-192.8884597683402
Individuo 3: 29, 49, 216, 181, 50, 209, 	Estadísticas: 0.0	0.0	8.0	20.0	2.0	22.0	-191.8181818181818	-191.8181818181818
Individuo 4: 64, 43, 39, 104, 14, 207, 	Estadísticas: 0.0	0.0	8.0	18.0	2.0	20.0	-200.0	-200.0
Individuo 5: 201, 235, 138, 249, 113, 204, 	Estadísticas: 0.0	0.0	7.0	22.0	6.0	28.0	-97.14285714285714	-98.5126901228227
Individuo 6: 21, 104, 7, 85, 249, 131, 	Estadísticas: 0.0	0.0	8.0	21.0	3.0	24.0	-175.0	-175.0
Individuo 7: 137, 225, 63, 246, 226, 203, 	Estadísticas: 0.0	0.0	8.0	18.0	2.0	20.0	-200.0	-202.40994462998958
Individuo 8: 2, 87, 196, 164, 203, 159, 	Estadísticas: 0.0	0.0	7.0	12.0	4.0	16.0	-150.0	-150.0
Individuo 9: 194, 147, 170, 218, 77, 154, 	Estadísticas: 0.0	0.0	8.0	30.0	2.0	32.0	-147.5	-147.5
Individuo 10: 3, 35, 241, 20, 58, 145, 	Estadísticas: 0.0	0.0	7.0	20.0	4.0	24.0	-126.66666666666669	-126.66666666666669
Individuo 11: 218, 205, 145, 216, 167, 195, 	Estadísticas: 0.0	0.0	7.0	19.0	5.0	24.0	-118.33333333333331	-119.60524634007689
Individuo 12: 14, 2, 46, 201, 13, 207, 	Estadísticas: 0.0	0.0	7.0	24.0	4.0	28.0	-111.42857142857144	-111.42857142857144
Individuo 13: 252, 79, 35, 97, 10, 160, 	Estadísticas: 0.0	0.0	7.0	20.0	6.0	26.0	-103.84615384615384	-107.35500804108513
Individuo 14: 18, 111, 216, 206, 246, 220, 	Estadísticas: 0.0	0.0	7.0	25.0	5.0	30.0	-96.66666666666669	-96.66666666666669
Individuo 15: 86, 27, 248, 168, 7, 10, 	Estadísticas: 0.0	0.0	6.0	24.0	10.0	34.0	-11.176470588235304	-11.176470588235304

Mejor individuo: 15
86, 27, 248, 168, 7, 10, 
Estadísticas: 0.0	0.0	6.0	24.0	10.0	34.0	-11.176470588235304	
Evaluación: -11.176470588235304
________________________________________________

Generación intermedia 5 tras seleccionar
Individuo 0: 137, 225, 63, 246, 226, 203, 	Estadísticas: 0.0	0.0	8.0	22.0	4.0	26.0	-159.23076923076923	-159.23076923076923
Individuo 1: 113, 241, 95, 242, 234, 219, 	Estadísticas: 0.0	0.0	8.0	20.0	2.0	22.0	-191.8181818181818	-191.8181818181818
Individuo 2: 64, 43, 39, 104, 14, 207, 	Estadísticas: 0.0	0.0	8.0	23.0	1.0	24.0	-191.66666666666669	-192.8884597683402
Individuo 3: 137, 225, 63, 246, 226, 203, 	Estadísticas: 0.0	0.0	8.0	20.0	2.0	22.0	-191.8181818181818	-191.8181818181818
Individuo 4: 64, 43, 39, 104, 14, 207, 	Estadísticas: 0.0	0.0	8.0	18.0	2.0	20.0	-200.0	-200.0
Individuo 5: 64, 43, 39, 104, 14, 207, 	Estadísticas: 0.0	0.0	7.0	22.0	6.0	28.0	-97.14285714285714	-98.5126901228227
Individuo 6: 128, 204, 32, 30, 63, 58, 	Estadísticas: 0.0	0.0	8.0	21.0	3.0	24.0	-175.0	-175.0
Individuo 7: 2, 87, 196, 164, 203, 159, 	Estadísticas: 0.0	0.0	8.0	18.0	2.0	20.0	-200.0	-202.40994462998958
------------------------------------------------
Generación intermedia 5 tras cruzar
Individuo 0: 137, 225, 63, 246, 234, 219, 	Estadísticas: 0.0	0.0	8.0	22.0	4.0	26.0	-159.23076923076923	-159.23076923076923
Individuo 1: 113, 241, 95, 242, 226, 203, 	Estadísticas: 0.0	0.0	8.0	20.0	2.0	22.0	-191.8181818181818	-191.8181818181818
Individuo 2: 64, 43, 39, 104, 14, 203, 	Estadísticas: 0.0	0.0	8.0	23.0	1.0	24.0	-191.66666666666669	-192.8884597683402
Individuo 3: 137, 225, 63, 246, 226, 207, 	Estadísticas: 0.0	0.0	8.0	20.0	2.0	22.0	-191.8181818181818	-191.8181818181818
Individuo 4: 64, 43, 39, 104, 14, 207, 	Estadísticas: 0.0	0.0	8.0	18.0	2.0	20.0	-200.0	-200.0
Individuo 5: 64, 43, 39, 104, 14, 207, 	Estadísticas: 0.0	0.0	7.0	22.0	6.0	28.0	-97.14285714285714	-98.5126901228227
Individuo 6: 128, 204, 32, 30, 63, 159, 	Estadísticas: 0.0	0.0	8.0	21.0	3.0	24.0	-175.0	-175.0
Individuo 7: 2, 87, 196, 164, 203, 58, 	Estadísticas: 0.0	0.0	8.0	18.0	2.0	20.0	-200.0	-202.40994462998958
------------------------------------------------
Generación intermedia 5 tras mutar
Individuo 0: 129, 128, 3, 245, 109, 197, 	Estadísticas: 0.0	0.0	8.0	22.0	4.0	26.0	-159.23076923076923	-159.23076923076923
Individuo 1: 114, 242, 63, 245, 116, 180, 	Estadísticas: 0.0	0.0	8.0	20.0	2.0	22.0	-191.8181818181818	-191.8181818181818
Individuo 2: 127, 103, 87, 144, 18, 213, 	Estadísticas: 0.0	0.0	8.0	23.0	1.0	24.0	-191.66666666666669	-192.8884597683402
Individuo 3: 183, 253, 94, 241, 225, 221, 	Estadísticas: 0.0	0.0	8.0	20.0	2.0	22.0	-191.8181818181818	-191.8181818181818
Individuo 4: 115, 55, 63, 104, 205, 233, 	Estadísticas: 0.0	0.0	8.0	18.0	2.0	20.0	-200.0	-200.0
Individuo 5: 66, 10, 164, 111, 34, 212, 	Estadísticas: 0.0	0.0	7.0	22.0	6.0	28.0	-97.14285714285714	-98.5126901228227
Individuo 6: 148, 204, 210, 91, 6, 228, 	Estadísticas: 0.0	0.0	8.0	21.0	3.0	24.0	-175.0	-175.0
Individuo 7: 195, 105, 2, 164, 244, 58, 	Estadísticas: 0.0	0.0	8.0	18.0	2.0	20.0	-200.0	-202.40994462998958
------------------------------------------------
Generación intermedia 5
Individuo 0: 129, 128, 3, 245, 109, 197, 	Estadísticas: 0.0	0.0	8.0	31.0	3.0	34.0	-132.3529411764706	-132.3529411764706
Individuo 1: 114, 242, 63, 245, 116, 180, 	Estadísticas: 0.0	0.0	8.0	24.0	2.0	26.0	-174.61538461538464	-174.61538461538464
Individuo 2: 127, 103, 87, 144, 18, 213, 	Estadísticas: 0.0	0.0	8.0	21.0	3.0	24.0	-175.0	-175.0
Individuo 3: 183, 253, 94, 241, 225, 221, 	Estadísticas: 0.0	0.0	8.0	22.0	2.0	24.0	-183.33333333333331	-184.4498462953159
Individuo 4: 115, 55, 63, 104, 205, 233, 	Estadísticas: 0.0	0.0	8.0	20.0	2.0	22.0	-191.8181818181818	-191.8181818181818
Individuo 5: 66, 10, 164, 111, 34, 212, 	Estadísticas: 0.0	0.0	8.0	27.0	3.0	30.0	-150.0	-150.0
Individuo 6: 148, 204, 210, 91, 6, 228, 	Estadísticas: 0.0	0.0	8.0	24.0	4.0	28.0	-151.42857142857144	-151.42857142857144
Individuo 7: 195, 105, 2, 164, 244, 58, 	Estadísticas: 0.0	0.0	7.0	27.0	5.0	32.0	-88.75	-88.75
------------------------------------------------
Generación 6
Individuo 0: 129, 128, 3, 245, 109, 197, 	Estadísticas: 0.0	0.0	8.0	31.0	3.0	34.0	-132.3529411764706	-132.3529411764706
Individuo 1: 114, 242, 63, 245, 116, 180, 	Estadísticas: 0.0	0.0	8.0	24.0	2.0	26.0	-174.61538461538464	-174.61538461538464
Individuo 2: 127, 103, 87, 144, 18, 213, 	Estadísticas: 0.0	0.0	8.0	21.0	3.0	24.0	-175.0	-175.0
Individuo 3: 183, 253, 94, 241, 225, 221, 	Estadísticas: 0.0	0.0	8.0	22.0	2.0	24.0	-183.33333333333331	-184.4498462953159
Individuo 4: 115, 55, 63, 104, 205, 233, 	Estadísticas: 0.0	0.0	8.0	20.0	2.0	22.0	-191.8181818181818	-191.8181818181818
Individuo 5: 66, 10, 164, 111, 34, 212, 	Estadísticas: 0.0	0.0	8.0	27.0	3.0	30.0	-150.0	-150.0
Individuo 6: 148, 204, 210, 91, 6, 228, 	Estadísticas: 0.0	0.0	8.0	24.0	4.0	28.0	-151.42857142857144	-151.42857142857144
Individuo 7: 195, 105, 2, 164, 244, 58, 	Estadísticas: 0.0	0.0	7.0	27.0	5.0	32.0	-88.75	-88.75
Individuo 8: 194, 147, 170, 218, 77, 154, 	Estadísticas: 0.0	0.0	8.0	30.0	2.0	32.0	-147.5	-147.5
Individuo 9: 3, 35, 241, 20, 58, 145, 	Estadísticas: 0.0	0.0	7.0	20.0	4.0	24.0	-126.66666666666669	-126.66666666666669
Individuo 10: 218, 205, 145, 216, 167, 195, 	Estadísticas: 0.0	0.0	7.0	19.0	5.0	24.0	-118.33333333333331	-119.60524634007689
Individuo 11: 14, 2, 46, 201, 13, 207, 	Estadísticas: 0.0	0.0	7.0	24.0	4.0	28.0	-111.42857142857144	-111.42857142857144
Individuo 12: 252, 79, 35, 97, 10, 160, 	Estadísticas: 0.0	0.0	7.0	20.0	6.0	26.0	-103.84615384615384	-107.35500804108513
Individuo 13: 201, 235, 138, 249, 113, 204, 	Estadísticas: 0.0	0.0	7.0	22.0	6.0	28.0	-97.14285714285714	-98.5126901228227
Individuo 14: 18, 111, 216, 206, 246, 220, 	Estadísticas: 0.0	0.0	7.0	25.0	5.0	30.0	-96.66666666666669	-96.66666666666669
Individuo 15: 86, 27, 248, 168, 7, 10, 	Estadísticas: 0.0	0.0	6.0	24.0	10.0	34.0	-11.176470588235304	-11.176470588235304

Mejor individuo: 15
86, 27, 248, 168, 7, 10, 
Estadísticas: 0.0	0.0	6.0	24.0	10.0	34.0	-11.176470588235304	
Evaluación: -11.176470588235304
________________________________________________

Generación intermedia 6 tras seleccionar
Individuo 0: 14, 2, 46, 201, 13, 207, 	Estadísticas: 0.0	0.0	8.0	31.0	3.0	34.0	-132.3529411764706	-132.3529411764706
Individuo 1: 3, 35, 241, 20, 58, 145, 	Estadísticas: 0.0	0.0	8.0	24.0	2.0	26.0	-174.61538461538464	-174.61538461538464
Individuo 2: 201, 235, 138, 249, 113, 204, 	Estadísticas: 0.0	0.0	8.0	21.0	3.0	24.0	-175.0	-175.0
Individuo 3: 3, 35, 241, 20, 58, 145, 	Estadísticas: 0.0	0.0	8.0	22.0	2.0	24.0	-183.33333333333331	-184.4498462953159
Individuo 4: 14, 2, 46, 201, 13, 207, 	Estadísticas: 0.0	0.0	8.0	20.0	2.0	22.0	-191.8181818181818	-191.8181818181818
Individuo 5: 18, 111, 216, 206, 246, 220, 	Estadísticas: 0.0	0.0	8.0	27.0	3.0	30.0	-150.0	-150.0
Individuo 6: 218, 205, 145, 216, 167, 195, 	Estadísticas: 0.0	0.0	8.0	24.0	4.0	28.0	-151.42857142857144	-151.42857142857144
Individuo 7: 115, 55, 63, 104, 205, 233, 	Estadísticas: 0.0	0.0	7.0	27.0	5.0	32.0	-88.75	-88.75
------------------------------------------------
Generación intermedia 6 tras cruzar
Individuo 0: 14, 2, 46, 201, 58, 145, 	Estadísticas: 0.0	0.0	8.0	31.0	3.0	34.0	-132.3529411764706	-132.3529411764706
Individuo 1: 3, 35, 241, 20, 13, 207, 	Estadísticas: 0.0	0.0	8.0	24.0	2.0	26.0	-174.61538461538464	-174.61538461538464
Individuo 2: 201, 235, 241, 20, 58, 145, 	Estadísticas: 0.0	0.0	8.0	21.0	3.0	24.0	-175.0	-175.0
Individuo 3: 3, 35, 138, 249, 113, 204, 	Estadísticas: 0.0	0.0	8.0	22.0	2.0	24.0	-183.33333333333331	-184.4498462953159
Individuo 4: 14, 2, 46, 206, 246, 220, 	Estadísticas: 0.0	0.0	8.0	20.0	2.0	22.0	-191.8181818181818	-191.8181818181818
Individuo 5: 18, 111, 216, 201, 13, 207, 	Estadísticas: 0.0	0.0	8.0	27.0	3.0	30.0	-150.0	-150.0
Individuo 6: 218, 205, 145, 216, 167, 233, 	Estadísticas: 0.0	0.0	8.0	24.0	4.0	28.0	-151.42857142857144	-151.42857142857144
Individuo 7: 115, 55, 63, 104, 205, 195, 	Estadísticas: 0.0	0.0	7.0	27.0	5.0	32.0	-88.75	-88.75
------------------------------------------------
Generación intermedia 6 tras mutar
Individuo 0: 30, 29, 206, 90, 22, 145, 	Estadísticas: 0.0	0.0	8.0	31.0	3.0	34.0	-132.3529411764706	-132.3529411764706
Individuo 1: 91, 83, 141, 54, 9, 198, 	Estadísticas: 0.0	0.0	8.0	24.0	2.0	26.0	-174.61538461538464	-174.61538461538464
Individuo 2: 211, 231, 246, 72, 186, 158, 	Estadísticas: 0.0	0.0	8.0	21.0	3.0	24.0	-175.0	-175.0
Individuo 3: 123, 132, 151, 63, 158, 211, 	Estadísticas: 0.0	0.0	8.0	22.0	2.0	24.0	-183.33333333333331	-184.4498462953159
Individuo 4: 51, 61, 210, 237, 136, 32, 	Estadísticas: 0.0	0.0	8.0	20.0	2.0	22.0	-191.8181818181818	-191.8181818181818
Individuo 5: 131, 127, 183, 74, 237, 191, 	Estadísticas: 0.0	0.0	8.0	27.0	3.0	30.0	-150.0	-150.0
Individuo 6: 154, 161, 170, 163, 215, 30, 	Estadísticas: 0.0	0.0	8.0	24.0	4.0	28.0	-151.42857142857144	-151.42857142857144
Individuo 7: 51, 111, 49, 174, 180, 33, 	Estadísticas: 0.0	0.0	7.0	27.0	5.0	32.0	-88.75	-88.75
------------------------------------------------
Generación intermedia 6
Individuo 0: 30, 29, 206, 90, 22, 145, 	Estadísticas: 0.0	0.0	8.0	14.0	2.0	16.0	-215.0	-215.0
Individuo 1: 91, 83, 141, 54, 9, 198, 	Estadísticas: 0.0	0.0	7.0	14.0	4.0	18.0	-145.55555555555554	-145.55555555555554
Individuo 2: 211, 231, 246, 72, 186, 158, 	Estadísticas: 0.0	0.0	6.0	8.0	8.0	16.0	-60.0	-62.89386977174105
Individuo 3: 123, 132, 151, 63, 158, 211, 	Estadísticas: 0.0	0.0	8.0	13.0	2.0	15.0	-218.33333333333331	-218.33333333333331
Individuo 4: 51, 61, 210, 237, 136, 32, 	Estadísticas: 0.0	0.0	8.0	15.0	2.0	17.0	-211.47058823529414	-211.47058823529414
Individuo 5: 131, 127, 183, 74, 237, 191, 	Estadísticas: 0.0	0.0	8.0	8.0	2.0	10.0	-230.0	-238.85197882473818
Individuo 6: 154, 161, 170, 163, 215, 30, 	Estadísticas: 0.0	0.0	8.0	8.0	2.0	10.0	-230.0	-234.19886673449227
Individuo 7: 51, 111, 49, 174, 180, 33, 	Estadísticas: 0.0	0.0	8.0	14.0	2.0	16.0	-215.0	-215.0
------------------------------------------------
Generación 7
Individuo 0: 30, 29, 206, 90, 22, 145, 	Estadísticas: 0.0	0.0	8.0	14.0	2.0	16.0	-215.0	-215.0
Individuo 1: 91, 83, 141, 54, 9, 198, 	Estadísticas: 0.0	0.0	7.0	14.0	4.0	18.0	-145.55555555555554	-145.55555555555554
Individuo 2: 211, 231, 246, 72, 186, 158, 	Estadísticas: 0.0	0.0	6.0	8.0	8.0	16.0	-60.0	-62.89386977174105
Individuo 3: 123, 132, 151, 63, 158, 211, 	Estadísticas: 0.0	0.0	8.0	13.0	2.0	15.0	-218.33333333333331	-218.33333333333331
Individuo 4: 51, 61, 210, 237, 136, 32, 	Estadísticas: 0.0	0.0	8.0	15.0	2.0	17.0	-211.47058823529414	-211.47058823529414
Individuo 5: 131, 127, 183, 74, 237, 191, 	Estadísticas: 0.0	0.0	8.0	8.0	2.0	10.0	-230.0	-238.85197882473818
Individuo 6: 154, 161, 170, 163, 215, 30, 	Estadísticas: 0.0	0.0	8.0	8.0	2.0	10.0	-230.0	-234.19886673449227
Individuo 7: 51, 111, 49, 174, 180, 33, 	Estadísticas: 0.0	0.0	8.0	14.0	2.0	16.0	-215.0	-215.0
Individuo 8: 3, 35, 241, 20, 58, 145, 	Estadísticas: 0.0	0.0	7.0	20.0	4.0	24.0	-126.66666666666669	-126.66666666666669
Individuo 9: 218, 205, 145, 216, 167, 195, 	Estadísticas: 0.0	0.0	7.0	19.0	5.0	24.0	-118.33333333333331	-119.60524634007689
Individuo 10: 14, 2, 46, 201, 13, 207, 	Estadísticas: 0.0	0.0	7.0	24.0	4.0	28.0	-111.42857142857144	-111.42857142857144
Individuo 11: 252, 79, 35, 97, 10, 160, 	Estadísticas: 0.0	0.0	7.0	20.0	6.0	26.0	-103.84615384615384	-107.35500804108513
Individuo 12: 201, 235, 138, 249, 113, 204, 	Estadísticas: 0.0	0.0	7.0	22.0	6.0	28.0	-97.14285714285714	-98.5126901228227
Individuo 13: 18, 111, 216, 206, 246, 220, 	Estadísticas: 0.0	0.0	7.0	25.0	5.0	30.0	-96.66666666666669	-96.66666666666669
Individuo 14: 195, 105, 2, 164, 244, 58, 	Estadísticas: 0.0	0.0	7.0	27.0	5.0	32.0	-88.75	-88.75
Individuo 15: 86, 27, 248, 168, 7, 10, 	Estadísticas: 0.0	0.0	6.0	24.0	10.0	34.0	-11.176470588235304	-11.176470588235304

Mejor individuo: 15
86, 27, 248, 168, 7, 10, 
Estadísticas: 0.0	0.0	6.0	24.0	10.0	34.0	-11.176470588235304	
Evaluación: -11.176470588235304
________________________________________________

Generación intermedia 7 tras seleccionar
Individuo 0: 30, 29, 206, 90, 22, 145, 	Estadísticas: 0.0	0.0	8.0	14.0	2.0	16.0	-215.0	-215.0
Individuo 1: 91, 83, 141, 54, 9, 198, 	Estadísticas: 0.0	0.0	7.0	14.0	4.0	18.0	-145.55555555555554	-145.55555555555554
Individuo 2: 51, 111, 49, 174, 180, 33, 	Estadísticas: 0.0	0.0	6.0	8.0	8.0	16.0	-60.0	-62.89386977174105
Individuo 3: 131, 127, 183, 74, 237, 191, 	Estadísticas: 0.0	0.0	8.0	13.0	2.0	15.0	-218.33333333333331	-218.33333333333331
Individuo 4: 211, 231, 246, 72, 186, 158, 	Estadísticas: 0.0	0.0	8.0	15.0	2.0	17.0	-211.47058823529414	-211.47058823529414
Individuo 5: 211, 231, 246, 72, 186, 158, 	Estadísticas: 0.0	0.0	8.0	8.0	2.0	10.0	-230.0	-238.85197882473818
Individuo 6: 86, 27, 248, 168, 7, 10, 	Estadísticas: 0.0	0.0	8.0	8.0	2.0	10.0	-230.0	-234.19886673449227
Individuo 7: 51, 111, 49, 174, 180, 33, 	Estadísticas: 0.0	0.0	8.0	14.0	2.0	16.0	-215.0	-215.0
------------------------------------------------
Generación intermedia 7 tras cruzar
Individuo 0: 30, 83, 141, 54, 9, 198, 	Estadísticas: 0.0	0.0	8.0	14.0	2.0	16.0	-215.0	-215.0
Individuo 1: 91, 29, 206, 90, 22, 145, 	Estadísticas: 0.0	0.0	7.0	14.0	4.0	18.0	-145.55555555555554	-145.55555555555554
Individuo 2: 51, 111, 49, 174, 237, 191, 	Estadísticas: 0.0	0.0	6.0	8.0	8.0	16.0	-60.0	-62.89386977174105
Individuo 3: 131, 127, 183, 74, 180, 33, 	Estadísticas: 0.0	0.0	8.0	13.0	2.0	15.0	-218.33333333333331	-218.33333333333331
Individuo 4: 211, 231, 246, 72, 186, 158, 	Estadísticas: 0.0	0.0	8.0	15.0	2.0	17.0	-211.47058823529414	-211.47058823529414
Individuo 5: 211, 231, 246, 72, 186, 158, 	Estadísticas: 0.0	0.0	8.0	8.0	2.0	10.0	-230.0	-238.85197882473818
Individuo 6: 86, 111, 49, 174, 180, 33, 	Estadísticas: 0.0	0.0	8.0	8.0	2.0	10.0	-230.0	-234.19886673449227
Individuo 7: 51, 27, 248, 168, 7, 10, 	Estadísticas: 0.0	0.0	8.0	14.0	2.0	16.0	-215.0	-215.0
------------------------------------------------
Generación intermedia 7 tras mutar
Individuo 0: 34, 61, 253, 166, 22, 249, 	Estadísticas: 0.0	0.0	8.0	14.0	2.0	16.0	-215.0	-215.0
Individuo 1: 100, 125, 241, 98, 38, 87, 	Estadísticas: 0.0	0.0	7.0	14.0	4.0	18.0	-145.55555555555554	-145.55555555555554
Individuo 2: 60, 40, 79, 22, 154, 79, 	Estadísticas: 0.0	0.0	6.0	8.0	8.0	16.0	-60.0	-62.89386977174105
Individuo 3: 99, 123, 106, 83, 132, 63, 	Estadísticas: 0.0	0.0	8.0	13.0	2.0	15.0	-218.33333333333331	-218.33333333333331
Individuo 4: 235, 228, 201, 79, 70, 121, 	Estadísticas: 0.0	0.0	8.0	15.0	2.0	17.0	-211.47058823529414	-211.47058823529414
Individuo 5: 172, 232, 62, 122, 68, 190, 	Estadísticas: 0.0	0.0	8.0	8.0	2.0	10.0	-230.0	-238.85197882473818
Individuo 6: 176, 87, 79, 209, 179, 86, 	Estadísticas: 0.0	0.0	8.0	8.0	2.0	10.0	-230.0	-234.19886673449227
Individuo 7: 50, 21, 214, 215, 136, 8, 	Estadísticas: 0.0	0.0	8.0	14.0	2.0	16.0	-215.0	-215.0
------------------------------------------------
Generación intermedia 7
Individuo 0: 34, 61, 253, 166, 22, 249, 	Estadísticas: 0.0	0.0	8.0	8.0	2.0	10.0	-230.0	-230.0
Individuo 1: 100, 125, 241, 98, 38, 87, 	Estadísticas: 0.0	0.0	7.0	16.0	6.0	22.0	-115.45454545454547	-115.45454545454547
Individuo 2: 60, 40, 79, 22, 154, 79, 	Estadísticas: 0.0	0.0	8.0	10.0	2.0	12.0	-226.66666666666669	-226.66666666666669
Individuo 3: 99, 123, 106, 83, 132, 63, 	Estadísticas: 0.0	0.0	8.0	12.0	2.0	14.0	-221.42857142857144	-222.52438319501914
Individuo 4: 235, 228, 201, 79, 70, 121, 	Estadísticas: 0.0	0.0	7.0	11.0	5.0	16.0	-137.5	-140.02100678316597
Individuo 5: 172, 232, 62, 122, 68, 190, 	Estadísticas: 0.0	0.0	7.0	10.0	4.0	14.0	-152.85714285714286	-156.16065351688573
Individuo 6: 176, 87, 79, 209, 179, 86, 	Estadísticas: 0.0	0.0	7.0	17.0	5.0	22.0	-124.54545454545456	-124.54545454545456
Individuo 7: 50, 21, 214, 215, 136, 8, 	Estadísticas: 0.0	0.0	8.0	9.0	1.0	10.0	-250.0	-250.0
------------------------------------------------
Generación 8
Individuo 0: 34, 61, 253, 166, 22, 249, 	Estadísticas: 0.0	0.0	8.0	8.0	2.0	10.0	-230.0	-230.0
Individuo 1: 100, 125, 241, 98, 38, 87, 	Estadísticas: 0.0	0.0	7.0	16.0	6.0	22.0	-115.45454545454547	-115.45454545454547
Individuo 2: 60, 40, 79, 22, 154, 79, 	Estadísticas: 0.0	0.0	8.0	10.0	2.0	12.0	-226.66666666666669	-226.66666666666669
Individuo 3: 99, 123, 106, 83, 132, 63, 	Estadísticas: 0.0	0.0	8.0	12.0	2.0	14.0	-221.42857142857144	-222.52438319501914
Individuo 4: 235, 228, 201, 79, 70, 121, 	Estadísticas: 0.0	0.0	7.0	11.0	5.0	16.0	-137.5	-140.02100678316597
Individuo 5: 172, 232, 62, 122, 68, 190, 	Estadísticas: 0.0	0.0	7.0	10.0	4.0	14.0	-152.85714285714286	-156.16065351688573
Individuo 6: 176, 87, 79, 209, 179, 86, 	Estadísticas: 0.0	0.0	7.0	17.0	5.0	22.0	-124.54545454545456	-124.54545454545456
Individuo 7: 50, 21, 214, 215, 136, 8, 	Estadísticas: 0.0	0.0	8.0	9.0	1.0	10.0	-250.0	-250.0
Individuo 8: 218, 205, 145, 216, 167, 195, 	Estadísticas: 0.0	0.0	7.0	19.0	5.0	24.0	-118.33333333333331	-119.60524634007689
Individuo 9: 14, 2, 46, 201, 13, 207, 	Estadísticas: 0.0	0.0	7.0	24.0	4.0	28.0	-111.42857142857144	-111.42857142857144
Individuo 10: 252, 79, 35, 97, 10, 160, 	Estadísticas: 0.0	0.0	7.0	20.0	6.0	26.0	-103.84615384615384	-107.35500804108513
Individuo 11: 201, 235, 138, 249, 113, 204, 	Estadísticas: 0.0	0.0	7.0	22.0	6.0	28.0	-97.14285714285714	-98.5126901228227
Individuo 12: 18, 111, 216, 206, 246, 220, 	Estadísticas: 0.0	0.0	7.0	25.0	5.0	30.0	-96.66666666666669	-96.66666666666669
Individuo 13: 195, 105, 2, 164, 244, 58, 	Estadísticas: 0.0	0.0	7.0	27.0	5.0	32.0	-88.75	-88.75
Individuo 14: 211, 231, 246, 72, 186, 158, 	Estadísticas: 0.0	0.0	6.0	8.0	8.0	16.0	-60.0	-62.89386977174105
Individuo 15: 86, 27, 248, 168, 7, 10, 	Estadísticas: 0.0	0.0	6.0	24.0	10.0	34.0	-11.176470588235304	-11.176470588235304

Mejor individuo: 15
86, 27, 248, 168, 7, 10, 
Estadísticas: 0.0	0.0	6.0	24.0	10.0	34.0	-11.176470588235304	
Evaluación: -11.176470588235304
________________________________________________

Generación intermedia 8 tras seleccionar
Individuo 0: 201, 235, 138, 249, 113, 204, 	Estadísticas: 0.0	0.0	8.0	8.0	2.0	10.0	-230.0	-230.0
Individuo 1: 86, 27, 248, 168, 7, 10, 	Estadísticas: 0.0	0.0	7.0	16.0	6.0	22.0	-115.45454545454547	-115.45454545454547
Individuo 2: 14, 2, 46, 201, 13, 207, 	Estadísticas: 0.0	0.0	8.0	10.0	2.0	12.0	-226.66666666666669	-226.66666666666669
Individuo 3: 50, 21, 214, 215, 136, 8, 	Estadísticas: 0.0	0.0	8.0	12.0	2.0	14.0	-221.42857142857144	-222.52438319501914
Individuo 4: 99, 123, 106, 83, 132, 63, 	Estadísticas: 0.0	0.0	7.0	11.0	5.0	16.0	-137.5	-140.02100678316597
Individuo 5: 60, 40, 79, 22, 154, 79, 	Estadísticas: 0.0	0.0	7.0	10.0	4.0	14.0	-152.85714285714286	-156.16065351688573
Individuo 6: 211, 231, 246, 72, 186, 158, 	Estadísticas: 0.0	0.0	7.0	17.0	5.0	22.0	-124.54545454545456	-124.54545454545456
Individuo 7: 60, 40, 79, 22, 154, 79, 	Estadísticas: 0.0	0.0	8.0	9.0	1.0	10.0	-250.0	-250.0
------------------------------------------------
Generación intermedia 8 tras cruzar
Individuo 0: 201, 235, 138, 168, 7, 10, 	Estadísticas: 0.0	0.0	8.0	8.0	2.0	10.0	-230.0	-230.0
Individuo 1: 86, 27, 248, 249, 113, 204, 	Estadísticas: 0.0	0.0	7.0	16.0	6.0	22.0	-115.45454545454547	-115.45454545454547
Individuo 2: 14, 2, 214, 215, 136, 8, 	Estadísticas: 0.0	0.0	8.0	10.0	2.0	12.0	-226.66666666666669	-226.66666666666669
Individuo 3: 50, 21, 46, 201, 13, 207, 	Estadísticas: 0.0	0.0	8.0	12.0	2.0	14.0	-221.42857142857144	-222.52438319501914
Individuo 4: 99, 123, 79, 22, 154, 79, 	Estadísticas: 0.0	0.0	7.0	11.0	5.0	16.0	-137.5	-140.02100678316597
Individuo 5: 60, 40, 106, 83, 132, 63, 	Estadísticas: 0.0	0.0	7.0	10.0	4.0	14.0	-152.85714285714286	-156.16065351688573
Individuo 6: 211, 231, 246, 22, 154, 79, 	Estadísticas: 0.0	0.0	7.0	17.0	5.0	22.0	-124.54545454545456	-124.54545454545456
Individuo 7: 60, 40, 79, 72, 186, 158, 	Estadísticas: 0.0	0.0	8.0	9.0	1.0	10.0	-250.0	-250.0
------------------------------------------------
Generación intermedia 8 tras mutar
Individuo 0: 166, 19, 245, 152, 47, 21, 	Estadísticas: 0.0	0.0	8.0	8.0	2.0	10.0	-230.0	-230.0
Individuo 1: 89, 34, 229, 201, 144, 204, 	Estadísticas: 0.0	0.0	7.0	16.0	6.0	22.0	-115.45454545454547	-115.45454545454547
Individuo 2: 14, 193, 196, 234, 112, 106, 	Estadísticas: 0.0	0.0	8.0	10.0	2.0	12.0	-226.66666666666669	-226.66666666666669
Individuo 3: 207, 107, 49, 201, 14, 175, 	Estadísticas: 0.0	0.0	8.0	12.0	2.0	14.0	-221.42857142857144	-222.52438319501914
Individuo 4: 227, 96, 156, 14, 240, 85, 	Estadísticas: 0.0	0.0	7.0	11.0	5.0	16.0	-137.5	-140.02100678316597
Individuo 5: 60, 105, 237, 36, 68, 62, 	Estadísticas: 0.0	0.0	7.0	10.0	4.0	14.0	-152.85714285714286	-156.16065351688573
Individuo 6: 199, 216, 235, 118, 234, 0, 	Estadísticas: 0.0	0.0	7.0	17.0	5.0	22.0	-124.54545454545456	-124.54545454545456
Individuo 7: 127, 46, 76, 127, 203, 152, 	Estadísticas: 0.0	0.0	8.0	9.0	1.0	10.0	-250.0	-250.0
------------------------------------------------
Generación intermedia 8
Individuo 0: 166, 19, 245, 152, 47, 21, 	Estadísticas: 0.0	0.0	8.0	22.0	4.0	26.0	-159.23076923076923	-159.23076923076923
Individuo 1: 89, 34, 229, 201, 144, 204, 	Estadísticas: 0.0	0.0	7.0	18.0	4.0	22.0	-133.63636363636363	-133.63636363636363
Individuo 2: 14, 193, 196, 234, 112, 106, 	Estadísticas: 0.0	0.0	8.0	14.0	2.0	16.0	-215.0	-215.0
Individuo 3: 207, 107, 49, 201, 14, 175, 	Estadísticas: 0.0	0.0	8.0	22.0	2.0	24.0	-183.33333333333331	-183.33333333333331
Individuo 4: 227, 96, 156, 14, 240, 85, 	Estadísticas: 0.0	0.0	8.0	28.0	2.0	30.0	-156.66666666666669	-156.66666666666669
Individuo 5: 60, 105, 237, 36, 68, 62, 	Estadísticas: 0.0	0.0	8.0	19.0	3.0	22.0	-182.72727272727275	-182.72727272727275
Individuo 6: 199, 216, 235, 118, 234, 0, 	Estadísticas: 0.0	0.0	8.0	19.0	1.0	20.0	-210.0	-211.61328351844426
Individuo 7: 127, 46, 76, 127, 203, 152, 	Estadísticas: 0.0	0.0	10.0	22.0	0.0	22.0	-290.0	-290.0
------------------------------------------------
Generación 9
Individuo 0: 166, 19, 245, 152, 47, 21, 	Estadísticas: 0.0	0.0	8.0	22.0	4.0	26.0	-159.23076923076923	-159.23076923076923
Individuo 1: 89, 34, 229, 201, 144, 204, 	Estadísticas: 0.0	0.0	7.0	18.0	4.0	22.0	-133.63636363636363	-133.63636363636363
Individuo 2: 14, 193, 196, 234, 112, 106, 	Estadísticas: 0.0	0.0	8.0	14.0	2.0	16.0	-215.0	-215.0
Individuo 3: 207, 107, 49, 201, 14, 175, 	Estadísticas: 0.0	0.0	8.0	22.0	2.0	24.0	-183.33333333333331	-183.33333333333331
Individuo 4: 227, 96, 156, 14, 240, 85, 	Estadísticas: 0.0	0.0	8.0	28.0	2.0	30.0	-156.66666666666669	-156.66666666666669
Individuo 5: 60, 105, 237, 36, 68, 62, 	Estadísticas: 0.0	0.0	8.0	19.0	3.0	22.0	-182.72727272727275	-182.72727272727275
Individuo 6: 199, 216, 235, 118, 234, 0, 	Estadísticas: 0.0	0.0	8.0	19.0	1.0	20.0	-210.0	-211.61328351844426
Individuo 7: 127, 46, 76, 127, 203, 152, 	Estadísticas: 0.0	0.0	10.0	22.0	0.0	22.0	-290.0	-290.0
Individuo 8: 100, 125, 241, 98, 38, 87, 	Estadísticas: 0.0	0.0	7.0	16.0	6.0	22.0	-115.45454545454547	-115.45454545454547
Individuo 9: 14, 2, 46, 201, 13, 207, 	Estadísticas: 0.0	0.0	7.0	24.0	4.0	28.0	-111.42857142857144	-111.42857142857144
Individuo 10: 252, 79, 35, 97, 10, 160, 	Estadísticas: 0.0	0.0	7.0	20.0	6.0	26.0	-103.84615384615384	-107.35500804108513
Individuo 11: 201, 235, 138, 249, 113, 204, 	Estadísticas: 0.0	0.0	7.0	22.0	6.0	28.0	-97.14285714285714	-98.5126901228227
Individuo 12: 18, 111, 216, 206, 246, 220, 	Estadísticas: 0.0	0.0	7.0	25.0	5.0	30.0	-96.66666666666669	-96.66666666666669
Individuo 13: 195, 105, 2, 164, 244, 58, 	Estadísticas: 0.0	0.0	7.0	27.0	5.0	32.0	-88.75	-88.75
Individuo 14: 211, 231, 246, 72, 186, 158, 	Estadísticas: 0.0	0.0	6.0	8.0	8.0	16.0	-60.0	-62.89386977174105
Individuo 15: 86, 27, 248, 168, 7, 10, 	Estadísticas: 0.0	0.0	6.0	24.0	10.0	34.0	-11.176470588235304	-11.176470588235304

Mejor individuo: 15
86, 27, 248, 168, 7, 10, 
Estadísticas: 0.0	0.0	6.0	24.0	10.0	34.0	-11.176470588235304	
Evaluación: -11.176470588235304
________________________________________________

Generación intermedia 9 tras seleccionar
Individuo 0: 227, 96, 156, 14, 240, 85, 	Estadísticas: 0.0	0.0	8.0	22.0	4.0	26.0	-159.23076923076923	-159.23076923076923
Individuo 1: 127, 46, 76, 127, 203, 152, 	Estadísticas: 0.0	0.0	7.0	18.0	4.0	22.0	-133.63636363636363	-133.63636363636363
Individuo 2: 199, 216, 235, 118, 234, 0, 	Estadísticas: 0.0	0.0	8.0	14.0	2.0	16.0	-215.0	-215.0
Individuo 3: 199, 216, 235, 118, 234, 0, 	Estadísticas: 0.0	0.0	8.0	22.0	2.0	24.0	-183.33333333333331	-183.33333333333331
Individuo 4: 14, 193, 196, 234, 112, 106, 	Estadísticas: 0.0	0.0	8.0	28.0	2.0	30.0	-156.66666666666669	-156.66666666666669
Individuo 5: 227, 96, 156, 14, 240, 85, 	Estadísticas: 0.0	0.0	8.0	19.0	3.0	22.0	-182.72727272727275	-182.72727272727275
Individuo 6: 14, 193, 196, 234, 112, 106, 	Estadísticas: 0.0	0.0	8.0	19.0	1.0	20.0	-210.0	-211.61328351844426
Individuo 7: 14, 193, 196, 234, 112, 106, 	Estadísticas: 0.0	0.0	10.0	22.0	0.0	22.0	-290.0	-290.0
------------------------------------------------
Generación intermedia 9 tras cruzar
Individuo 0: 227, 96, 76, 127, 203, 152, 	Estadísticas: 0.0	0.0	8.0	22.0	4.0	26.0	-159.23076923076923	-159.23076923076923
Individuo 1: 127, 46, 156, 14, 240, 85, 	Estadísticas: 0.0	0.0	7.0	18.0	4.0	22.0	-133.63636363636363	-133.63636363636363
Individuo 2: 199, 216, 235, 118, 234, 0, 	Estadísticas: 0.0	0.0	8.0	14.0	2.0	16.0	-215.0	-215.0
Individuo 3: 199, 216, 235, 118, 234, 0, 	Estadísticas: 0.0	0.0	8.0	22.0	2.0	24.0	-183.33333333333331	-183.33333333333331
Individuo 4: 14, 193, 196, 14, 240, 85, 	Estadísticas: 0.0	0.0	8.0	28.0	2.0	30.0	-156.66666666666669	-156.66666666666669
Individuo 5: 227, 96, 156, 234, 112, 106, 	Estadísticas: 0.0	0.0	8.0	19.0	3.0	22.0	-182.72727272727275	-182.72727272727275
Individuo 6: 14, 193, 196, 234, 112, 106, 	Estadísticas: 0.0	0.0	8.0	19.0	1.0	20.0	-210.0	-211.61328351844426
Individuo 7: 14, 193, 196, 234, 112, 106, 	Estadísticas: 0.0	0.0	10.0	22.0	0.0	22.0	-290.0	-290.0
------------------------------------------------
Generación intermedia 9 tras mutar
Individuo 0: 23, 107, 175, 95, 215, 120, 	Estadísticas: 0.0	0.0	8.0	22.0	4.0	26.0	-159.23076923076923	-159.23076923076923
Individuo 1: 171, 63, 143, 10, 104, 21, 	Estadísticas: 0.0	0.0	7.0	18.0	4.0	22.0	-133.63636363636363	-133.63636363636363
Individuo 2: 199, 230, 20, 150, 148, 224, 	Estadísticas: 0.0	0.0	8.0	14.0	2.0	16.0	-215.0	-215.0
Individuo 3: 232, 199, 149, 133, 235, 255, 	Estadísticas: 0.0	0.0	8.0	22.0	2.0	24.0	-183.33333333333331	-183.33333333333331
Individuo 4: 125, 9, 67, 128, 236, 81, 	Estadísticas: 0.0	0.0	8.0	28.0	2.0	30.0	-156.66666666666669	-156.66666666666669
Individuo 5: 242, 128, 153, 242, 28, 88, 	Estadísticas: 0.0	0.0	8.0	19.0	3.0	22.0	-182.72727272727275	-182.72727272727275
Individuo 6: 17, 129, 251, 139, 240, 247, 	Estadísticas: 0.0	0.0	8.0	19.0	1.0	20.0	-210.0	-211.61328351844426
Individuo 7: 10, 127, 244, 237, 255, 23, 	Estadísticas: 0.0	0.0	10.0	22.0	0.0	22.0	-290.0	-290.0
------------------------------------------------
Generación intermedia 9
Individuo 0: 23, 107, 175, 95, 215, 120, 	Estadísticas: 0.0	0.0	7.0	8.0	3.0	11.0	-170.45454545454547	-171.93188351812802
Individuo 1: 171, 63, 143, 10, 104, 21, 	Estadísticas: 0.0	0.0	8.0	15.0	1.0	16.0	-227.5	-227.5
Individuo 2: 199, 230, 20, 150, 148, 224, 	Estadísticas: 0.0	0.0	6.0	9.0	7.0	16.0	-72.5	-75.58656035011786
Individuo 3: 232, 199, 149, 133, 235, 255, 	Estadísticas: 0.0	0.0	7.0	9.0	5.0	14.0	-138.57142857142856	-141.90484140006544
Individuo 4: 125, 9, 67, 128, 236, 81, 	Estadísticas: 0.0	0.0	8.0	20.0	2.0	22.0	-191.8181818181818	-191.8181818181818
Individuo 5: 242, 128, 153, 242, 28, 88, 	Estadísticas: 0.0	0.0	8.0	10.0	2.0	12.0	-226.66666666666669	-228.41987810929876
Individuo 6: 17, 129, 251, 139, 240, 247, 	Estadísticas: 0.0	0.0	8.0	12.0	2.0	14.0	-221.42857142857144	-221.42857142857144
Individuo 7: 10, 127, 244, 237, 255, 23, 	Estadísticas: 0.0	0.0	8.0	11.0	3.0	14.0	-207.14285714285717	-207.14285714285717
------------------------------------------------
Generación 10
Individuo 0: 23, 107, 175, 95, 215, 120, 	Estadísticas: 0.0	0.0	7.0	8.0	3.0	11.0	-170.45454545454547	-171.93188351812802
Individuo 1: 171, 63, 143, 10, 104, 21, 	Estadísticas: 0.0	0.0	8.0	15.0	1.0	16.0	-227.5	-227.5
Individuo 2: 199, 230, 20, 150, 148, 224, 	Estadísticas: 0.0	0.0	6.0	9.0	7.0	16.0	-72.5	-75.58656035011786
Individuo 3: 232, 199, 149, 133, 235, 255, 	Estadísticas: 0.0	0.0	7.0	9.0	5.0	14.0	-138.57142857142856	-141.90484140006544
Individuo 4: 125, 9, 67, 128, 236, 81, 	Estadísticas: 0.0	0.0	8.0	20.0	2.0	22.0	-191.8181818181818	-191.8181818181818
Individuo 5: 242, 128, 153, 242, 28, 88, 	Estadísticas: 0.0	0.0	8.0	10.0	2.0	12.0	-226.66666666666669	-228.41987810929876
Individuo 6: 17, 129, 251, 139, 240, 247, 	Estadísticas: 0.0	0.0	8.0	12.0	2.0	14.0	-221.42857142857144	-221.42857142857144
Individuo 7: 10, 127, 244, 237, 255, 23, 	Estadísticas: 0.0	0.0	8.0	11.0	3.0	14.0	-207.14285714285717	-207.14285714285717
Individuo 8: 100, 125, 241, 98, 38, 87, 	Estadísticas: 0.0	0.0	7.0	16.0	6.0	22.0	-115.45454545454547	-115.45454545454547
Individuo 9: 14, 2, 46, 201, 13, 207, 	Estadísticas: 0.0	0.0	7.0	24.0	4.0	28.0	-111.42857142857144	-111.42857142857144
Individuo 10: 252, 79, 35, 97, 10, 160, 	Estadísticas: 0.0	0.0	7.0	20.0	6.0	26.0	-103.84615384615384	-107.35500804108513
Individuo 11: 201, 235, 138, 249, 113, 204, 	Estadísticas: 0.0	0.0	7.0	22.0	6.0	28.0	-97.14285714285714	-98.5126901228227
Individuo 12: 18, 111, 216, 206, 246, 220, 	Estadísticas: 0.0	0.0	7.0	25.0	5.0	30.0	-96.66666666666669	-96.66666666666669
Individuo 13: 195, 105, 2, 164, 244, 58, 	Estadísticas: 0.0	0.0	7.0	27.0	5.0	32.0	-88.75	-88.75
Individuo 14: 211, 231, 246, 72, 186, 158, 	Estadísticas: 0.0	0.0	6.0	8.0	8.0	16.0	-60.0	-62.89386977174105
Individuo 15: 86, 27, 248, 168, 7, 10, 	Estadísticas: 0.0	0.0	6.0	24.0	10.0	34.0	-11.176470588235304	-11.176470588235304

Mejor individuo: 15
86, 27, 248, 168, 7, 10, 
Estadísticas: 0.0	0.0	6.0	24.0	10.0	34.0	-11.176470588235304	
Evaluación: -11.176470588235304
________________________________________________

Generación intermedia 10 tras seleccionar
Individuo 0: 17, 129, 251, 139, 240, 247, 	Estadísticas: 0.0	0.0	7.0	8.0	3.0	11.0	-170.45454545454547	-171.93188351812802
Individuo 1: 232, 199, 149, 133, 235, 255, 	Estadísticas: 0.0	0.0	8.0	15.0	1.0	16.0	-227.5	-227.5
Individuo 2: 199, 230, 20, 150, 148, 224, 	Estadísticas: 0.0	0.0	6.0	9.0	7.0	16.0	-72.5	-75.58656035011786
Individuo 3: 232, 199, 149, 133, 235, 255, 	Estadísticas: 0.0	0.0	7.0	9.0	5.0	14.0	-138.57142857142856	-141.90484140006544
Individuo 4: 14, 2, 46, 201, 13, 207, 	Estadísticas: 0.0	0.0	8.0	20.0	2.0	22.0	-191.8181818181818	-191.8181818181818
Individuo 5: 100, 125, 241, 98, 38, 87, 	Estadísticas: 0.0	0.0	8.0	10.0	2.0	12.0	-226.66666666666669	-228.41987810929876
Individuo 6: 201, 235, 138, 249, 113, 204, 	Estadísticas: 0.0	0.0	8.0	12.0	2.0	14.0	-221.42857142857144	-221.42857142857144
Individuo 7: 232, 199, 149, 133, 235, 255, 	Estadísticas: 0.0	0.0	8.0	11.0	3.0	14.0	-207.14285714285717	-207.14285714285717
------------------------------------------------
Generación intermedia 10 tras cruzar
Individuo 0: 17, 129, 149, 133, 235, 255, 	Estadísticas: 0.0	0.0	7.0	8.0	3.0	11.0	-170.45454545454547	-171.93188351812802
Individuo 1: 232, 199, 251, 139, 240, 247, 	Estadísticas: 0.0	0.0	8.0	15.0	1.0	16.0	-227.5	-227.5
Individuo 2: 199, 230, 20, 133, 235, 255, 	Estadísticas: 0.0	0.0	6.0	9.0	7.0	16.0	-72.5	-75.58656035011786
Individuo 3: 232, 199, 149, 150, 148, 224, 	Estadísticas: 0.0	0.0	7.0	9.0	5.0	14.0	-138.57142857142856	-141.90484140006544
Individuo 4: 14, 2, 241, 98, 38, 87, 	Estadísticas: 0.0	0.0	8.0	20.0	2.0	22.0	-191.8181818181818	-191.8181818181818
Individuo 5: 100, 125, 46, 201, 13, 207, 	Estadísticas: 0.0	0.0	8.0	10.0	2.0	12.0	-226.66666666666669	-228.41987810929876
Individuo 6: 201, 235, 138, 249, 113, 255, 	Estadísticas: 0.0	0.0	8.0	12.0	2.0	14.0	-221.42857142857144	-221.42857142857144
Individuo 7: 232, 199, 149, 133, 235, 204, 	Estadísticas: 0.0	0.0	8.0	11.0	3.0	14.0	-207.14285714285717	-207.14285714285717
------------------------------------------------
Generación intermedia 10 tras mutar
Individuo 0: 0, 135, 21, 120, 43, 63, 	Estadísticas: 0.0	0.0	7.0	8.0	3.0	11.0	-170.45454545454547	-171.93188351812802
Individuo 1: 233, 159, 224, 4, 8, 203, 	Estadísticas: 0.0	0.0	8.0	15.0	1.0	16.0	-227.5	-227.5
Individuo 2: 198, 229, 20, 137, 243, 255, 	Estadísticas: 0.0	0.0	6.0	9.0	7.0	16.0	-72.5	-75.58656035011786
Individuo 3: 245, 200, 162, 118, 248, 208, 	Estadísticas: 0.0	0.0	7.0	9.0	5.0	14.0	-138.57142857142856	-141.90484140006544
Individuo 4: 80, 123, 161, 93, 187, 149, 	Estadísticas: 0.0	0.0	8.0	20.0	2.0	22.0	-191.8181818181818	-191.8181818181818
Individuo 5: 8, 13, 94, 132, 210, 205, 	Estadísticas: 0.0	0.0	8.0	10.0	2.0	12.0	-226.66666666666669	-228.41987810929876
Individuo 6: 250, 82, 137, 6, 96, 191, 	Estadísticas: 0.0	0.0	8.0	12.0	2.0	14.0	-221.42857142857144	-221.42857142857144
Individuo 7: 183, 129, 242, 190, 226, 138, 	Estadísticas: 0.0	0.0	8.0	11.0	3.0	14.0	-207.14285714285717	-207.14285714285717
------------------------------------------------
